0.02220606
0.02203607
0.02212441
0.02221406
0.02223671
0.02234114
0.02248299
0.02213792
0.02229249
0.02247626
0.0222733
0.02205989
0.02188911
0.02213873
0.02185121
0.02186275
0.02219048
0.02213273
0.02239422
0.02245892
0.0227042
0.02314504
0.02281823
0.02288908
0.0226
0.02293048
0.02273039
0.0225553
0.02303908
0.0228595
0.0229497
0.02320955
0.02306317
0.02328543
0.02327175
0.02325478
0.02330257
0.02360561
0.02366879
0.02392023
0.0246941
0.02424328
0.02477515
0.0244934
0.02421897
0.02413608
0.02417041
0.02436893
0.0240525
0.02427123
0.02410818
0.02404636
0.02386874
0.02382092
0.02352093
0.02370939
0.0236982
0.02355158
0.02336671
0.0232634
0.02297602
0.02307711
0.02297413
0.02318204
0.02295795
0.02304314
0.02300782
0.0228769
0.02341611
0.02335371
0.02322945
0.02343166
0.0232827
0.02342033
0.02364454
0.02392731
0.0242293
0.02408779
0.02430959
0.02419031
0.02410201
0.02415004
0.02433663
0.02448855
0.02521992
0.02496774
0.02512528
0.02466741
0.02418837
0.02389855
0.02375165
0.02382017
0.02371857
0.0236039
0.02357498
0.02364112
0.02337651
0.02360371
0.0232771
0.0230306
