87.63064
86.56602
88.06443
86.38467
85.22
83.35705
82.12628
80.36454
81.91224
81.7355
79.64821
78.65447
78.26403
77.6277
76.37522
77.14732
77.88703
78.98401
79.45133
81.81684
81.77643
80.8619
82.76101
80.23044
82.79097
83.61885
82.75287
81.81276
82.26593
81.73799
83.23179
84.51921
84.96596
85.07095
84.44504
84.42463
84.02308
84.82792
84.77788
84.77974
84.53819
82.38505
79.00861
80.08932
80.86895
81.13644
81.91684
81.64214
81.91038
81.35741
79.60674
79.93801
79.44126
79.17214
80.14728
80.38397
80.48035
81.65306
79.36082
77.97898
74.32551
77.13922
76.15556
75.4966
75.68663
74.80888
75.99625
76.80561
78.48641
78.02933
77.73629
78.72081
79.68368
77.37063
76.23239
76.72122
75.80422
76.31824
76.96135
76.53021
75.14915
75.19114
76.35871
78.22246
80.15541
78.67798
79.79728
80.46784
79.60879
78.84555
79.09344
79.23106
78.18498
77.083
77.28186
77.30803
77.9866
78.19515
77.58613
75.50402
