53.25189
41.63821
44.99937
43.61354
54.546
44.92989
51.50824
52.84058
46.937
55.01832
42.35826
49.74078
43.33474
46.36043
55.42596
47.1953
57.65627
42.13388
45.57923
49.60032
47.21962
48.41216
48.40719
44.42295
37.73129
42.80311
49.56229
40.51493
33.88807
39.31559
45.28671
41.30017
37.69293
49.97509
48.51176
44.13032
45.60956
45.18668
42.26126
49.65751
41.15049
49.06432
42.97428
49.84827
46.71305
41.5812
43.02117
42.01822
44.9382
43.91923
46.02869
36.37895
41.93953
47.31681
50.29619
50.74472
40.26679
43.87046
42.40146
42.0383
43.84681
45.1276
44.46726
55.27869
49.28932
50.33138
42.29384
46.08374
49.54652
40.67801
41.08658
32.06355
48.70162
47.11507
46.60174
46.00664
42.475
46.4385
52.06408
42.97822
40.80498
37.16702
46.44692
39.32946
47.27451
46.80872
45.2355
39.88063
40.70605
33.30834
46.42114
49.19682
45.76427
55.49214
38.80762
44.08776
41.64195
41.43553
44.08781
41.19183
