1.661738e-07
1.657523e-07
1.540791e-07
1.458792e-07
1.495164e-07
1.374098e-07
1.261406e-07
1.237848e-07
1.308589e-07
1.251554e-07
1.232106e-07
1.2094e-07
1.189487e-07
1.163661e-07
1.187619e-07
1.171408e-07
1.194027e-07
1.195276e-07
1.114607e-07
1.0379e-07
9.567541e-08
1.018052e-07
9.968115e-08
9.592195e-08
9.794371e-08
9.126598e-08
9.131213e-08
9.14777e-08
9.094091e-08
9.010147e-08
8.217981e-08
8.532647e-08
8.577253e-08
8.717748e-08
8.567143e-08
9.636205e-08
9.310169e-08
9.562106e-08
1.023217e-07
1.00205e-07
9.15853e-08
8.815121e-08
8.36636e-08
8.677524e-08
8.643433e-08
8.989849e-08
9.57038e-08
9.37572e-08
9.952148e-08
9.940946e-08
1.00816e-07
9.677147e-08
9.761513e-08
9.664686e-08
1.036528e-07
1.004719e-07
1.029802e-07
1.053268e-07
1.027152e-07
1.096325e-07
1.069717e-07
1.115956e-07
1.1874e-07
1.183588e-07
1.32e-07
1.370098e-07
1.362246e-07
1.354773e-07
1.327329e-07
1.28779e-07
1.294574e-07
1.266564e-07
1.258324e-07
1.256026e-07
1.164454e-07
1.184239e-07
1.185015e-07
1.188454e-07
1.172614e-07
1.264473e-07
1.283327e-07
1.249437e-07
1.234279e-07
1.246866e-07
1.226458e-07
1.254308e-07
1.287401e-07
1.320224e-07
1.35235e-07
1.446784e-07
1.495283e-07
1.449101e-07
1.413777e-07
1.337749e-07
1.313844e-07
1.265493e-07
1.221307e-07
1.209693e-07
1.249216e-07
1.17128e-07
1.194142e-07
1.11444e-07
1.097182e-07
1.089896e-07
1.027617e-07
9.815409e-08
9.480309e-08
8.801318e-08
9.145841e-08
9.284688e-08
8.797172e-08
8.135301e-08
7.75155e-08
7.887033e-08
8.446609e-08
8.8847e-08
8.736851e-08
8.201843e-08
8.924294e-08
8.772587e-08
8.771086e-08
9.094411e-08
9.072452e-08
8.902798e-08
9.012952e-08
9.104383e-08
9.013469e-08
8.681597e-08
8.661291e-08
8.518075e-08
8.629391e-08
9.166428e-08
9.084437e-08
9.098471e-08
9.639638e-08
9.876168e-08
9.655218e-08
1.056448e-07
1.061921e-07
1.083806e-07
1.101526e-07
1.105289e-07
1.138232e-07
1.25545e-07
1.194335e-07
1.251097e-07
1.214092e-07
1.1583e-07
1.074039e-07
1.040454e-07
1.022511e-07
1.032606e-07
1.094004e-07
1.11607e-07
9.922244e-08
9.392869e-08
1.00175e-07
9.713574e-08
1.025164e-07
1.16849e-07
1.107352e-07
1.06464e-07
1.014207e-07
9.698198e-08
9.392648e-08
9.489992e-08
1.019433e-07
1.031364e-07
9.356674e-08
9.619634e-08
9.56457e-08
8.830923e-08
8.741391e-08
8.744029e-08
8.096708e-08
7.540931e-08
7.631146e-08
7.75945e-08
7.438078e-08
7.782872e-08
7.588182e-08
7.09678e-08
7.06636e-08
7.661897e-08
7.237314e-08
7.11926e-08
7.548516e-08
7.292906e-08
7.257931e-08
6.757949e-08
6.574435e-08
6.032681e-08
5.987455e-08
5.889743e-08
6.067678e-08
6.228934e-08
6.209334e-08
6.042671e-08
6.01084e-08
6.260244e-08
6.917914e-08
7.337834e-08
7.279747e-08
7.554287e-08
7.228225e-08
6.752112e-08
7.052392e-08
7.437105e-08
7.62503e-08
7.706357e-08
8.220288e-08
7.81229e-08
7.641158e-08
7.304595e-08
7.421805e-08
7.698838e-08
7.791882e-08
8.788401e-08
8.546217e-08
8.083059e-08
8.142363e-08
8.161045e-08
7.562997e-08
7.417992e-08
7.918381e-08
7.477833e-08
7.360092e-08
7.428316e-08
7.377774e-08
7.907612e-08
7.742357e-08
7.668309e-08
7.263814e-08
7.227062e-08
7.23201e-08
7.420821e-08
8.248903e-08
8.116916e-08
8.063967e-08
7.747592e-08
7.704557e-08
8.07207e-08
8.51234e-08
9.06015e-08
8.441342e-08
8.802392e-08
8.868846e-08
9.011589e-08
9.336225e-08
1.017861e-07
9.653688e-08
9.942583e-08
9.604495e-08
1.070885e-07
1.112045e-07
1.161449e-07
1.133772e-07
1.110513e-07
1.149752e-07
1.109554e-07
1.167166e-07
1.187998e-07
1.118827e-07
1.039597e-07
9.951669e-08
1.051019e-07
1.030604e-07
9.74288e-08
1.011193e-07
9.344929e-08
8.854424e-08
8.515527e-08
8.268128e-08
8.200126e-08
8.213097e-08
8.173507e-08
8.113904e-08
8.50269e-08
8.678092e-08
8.819187e-08
8.699817e-08
9.110452e-08
8.446833e-08
8.628997e-08
8.229882e-08
8.871153e-08
8.719983e-08
8.070358e-08
7.698093e-08
7.662046e-08
7.504749e-08
7.394538e-08
7.101526e-08
7.031313e-08
7.258293e-08
6.982335e-08
7.660545e-08
6.88305e-08
7.069603e-08
7.020299e-08
7.496547e-08
7.757856e-08
7.407023e-08
7.61562e-08
7.943677e-08
7.69411e-08
7.440249e-08
7.399795e-08
7.769392e-08
7.931787e-08
7.953007e-08
8.330334e-08
8.346301e-08
8.891174e-08
9.103313e-08
9.090576e-08
8.995676e-08
9.345359e-08
8.673677e-08
8.535608e-08
7.99207e-08
8.94921e-08
8.989345e-08
9.14243e-08
8.653303e-08
8.445766e-08
8.251414e-08
8.997979e-08
9.055281e-08
9.351692e-08
8.740756e-08
8.864255e-08
8.925348e-08
8.284874e-08
8.178377e-08
8.331519e-08
8.278924e-08
7.756633e-08
8.007865e-08
8.039812e-08
8.240973e-08
8.447677e-08
8.385183e-08
8.381111e-08
8.643025e-08
8.950275e-08
9.008154e-08
8.398752e-08
8.437274e-08
8.034106e-08
8.527319e-08
9.16795e-08
8.978995e-08
8.76643e-08
8.663e-08
9.66813e-08
9.863101e-08
9.408841e-08
9.568043e-08
9.04537e-08
8.798593e-08
9.158937e-08
9.461302e-08
9.003043e-08
9.175035e-08
9.701366e-08
9.167482e-08
9.363724e-08
8.731473e-08
8.770617e-08
7.794959e-08
7.786142e-08
8.391447e-08
8.211244e-08
7.592393e-08
7.730128e-08
7.803013e-08
8.007874e-08
7.826925e-08
7.653187e-08
7.747822e-08
7.663216e-08
8.156733e-08
8.170932e-08
8.12313e-08
7.868746e-08
7.876426e-08
8.340382e-08
8.262013e-08
8.715079e-08
8.50838e-08
8.239953e-08
8.505522e-08
8.767744e-08
9.738737e-08
1.061608e-07
9.976725e-08
9.697366e-08
1.096432e-07
1.024638e-07
1.070092e-07
1.00563e-07
9.192767e-08
9.232222e-08
9.294634e-08
9.627184e-08
9.647933e-08
9.516671e-08
1.006139e-07
1.073352e-07
1.088291e-07
1.035504e-07
1.098147e-07
1.111602e-07
1.015101e-07
1.021597e-07
9.853693e-08
9.232943e-08
8.847667e-08
9.158254e-08
8.934336e-08
8.665117e-08
9.027123e-08
8.560207e-08
9.063455e-08
9.288912e-08
9.148094e-08
8.849172e-08
8.335114e-08
8.001483e-08
7.561506e-08
7.610887e-08
7.79598e-08
7.776029e-08
7.206456e-08
6.945585e-08
7.008934e-08
7.042328e-08
6.932531e-08
6.675811e-08
6.716142e-08
6.535124e-08
6.043233e-08
6.195687e-08
7.068204e-08
7.273461e-08
7.144887e-08
7.363907e-08
7.181856e-08
6.919312e-08
6.868139e-08
7.254739e-08
7.870138e-08
8.296873e-08
9.157416e-08
1.025007e-07
9.474458e-08
9.322333e-08
8.913189e-08
9.115206e-08
9.389472e-08
9.232613e-08
9.751751e-08
9.430833e-08
8.561543e-08
9.404195e-08
9.310731e-08
9.150624e-08
8.930159e-08
8.524899e-08
9.104864e-08
9.033007e-08
8.918676e-08
9.545434e-08
9.072449e-08
9.141189e-08
9.101843e-08
9.042187e-08
8.755707e-08
8.741367e-08
9.548589e-08
9.306792e-08
9.614266e-08
8.741099e-08
8.658293e-08
8.504945e-08
8.544791e-08
8.254164e-08
7.818479e-08
7.973051e-08
6.914866e-08
7.056121e-08
7.253394e-08
6.972619e-08
6.997377e-08
7.387729e-08
7.649302e-08
7.803971e-08
7.178481e-08
7.011417e-08
7.31133e-08
7.259476e-08
7.667839e-08
8.058019e-08
7.845916e-08
8.105531e-08
8.657787e-08
8.84765e-08
8.464483e-08
8.496898e-08
8.224224e-08
8.421693e-08
8.566041e-08
7.856352e-08
7.41071e-08
7.78908e-08
7.578023e-08
7.948926e-08
7.86662e-08
7.543976e-08
7.827509e-08
8.222801e-08
8.763862e-08
8.684393e-08
8.185802e-08
8.163983e-08
7.714114e-08
8.118562e-08
8.534848e-08
8.855364e-08
8.828226e-08
8.800811e-08
8.840281e-08
9.398017e-08
8.798749e-08
9.273283e-08
9.791833e-08
9.415876e-08
9.56478e-08
9.800957e-08
1.006702e-07
1.031297e-07
1.078194e-07
1.07136e-07
1.06171e-07
1.080028e-07
1.104427e-07
1.097166e-07
1.1171e-07
1.187537e-07
1.281173e-07
1.337953e-07
1.306138e-07
1.334599e-07
1.272401e-07
1.230804e-07
1.155649e-07
1.157815e-07
1.17313e-07
1.13854e-07
1.137908e-07
1.144678e-07
1.10777e-07
1.09037e-07
1.023726e-07
1.13679e-07
1.143356e-07
1.157021e-07
1.157303e-07
1.193081e-07
1.26003e-07
1.174092e-07
1.165853e-07
1.119634e-07
1.157798e-07
1.176079e-07
1.227976e-07
1.281241e-07
1.283221e-07
1.372842e-07
1.354071e-07
1.345776e-07
1.260882e-07
1.319627e-07
1.250426e-07
1.210205e-07
1.208828e-07
1.202128e-07
1.257032e-07
1.235083e-07
1.25771e-07
1.216917e-07
1.245653e-07
1.19903e-07
1.108875e-07
1.071062e-07
1.13057e-07
1.180379e-07
1.242712e-07
1.200958e-07
