probIn scale
0.4788724 2.431046e-06
0.4604222 2.378206e-06
0.4282501 2.379427e-06
0.4035344 2.395099e-06
0.3914277 2.427241e-06
0.365284 2.455065e-06
0.3430479 2.452668e-06
0.3438088 2.38683e-06
0.325355 2.311705e-06
0.3371888 2.347172e-06
0.3130972 2.290492e-06
0.3275164 2.29614e-06
0.3104425 2.286912e-06
0.2910098 2.313676e-06
0.2820238 2.368628e-06
0.265455 2.354582e-06
0.2440885 2.367034e-06
0.2571413 2.350958e-06
0.252723 2.406794e-06
0.2474173 2.464629e-06
0.246017 2.368431e-06
0.2479221 2.298987e-06
0.2250645 2.264825e-06
0.2113777 2.252192e-06
0.2003899 2.252567e-06
0.1985079 2.285473e-06
0.1952777 2.205944e-06
0.1829017 2.183348e-06
0.1723753 2.196131e-06
0.1683865 2.189628e-06
0.1525453 2.146203e-06
0.1587845 2.173144e-06
0.1599899 2.208042e-06
0.1826788 2.166311e-06
0.1786575 2.144302e-06
0.1640101 2.206262e-06
0.153416 2.211301e-06
0.1459293 2.217751e-06
0.1438412 2.185246e-06
0.1447033 2.104196e-06
0.12437 2.119554e-06
0.1156987 2.070304e-06
0.1232044 2.117631e-06
0.1225824 2.126299e-06
0.152753 2.122145e-06
0.1731721 2.164428e-06
0.1692052 2.194339e-06
0.1903717 2.146819e-06
0.1956515 2.234776e-06
0.1914549 2.212777e-06
0.1957558 2.25195e-06
0.1952983 2.220438e-06
0.193612 2.191979e-06
0.1899589 2.13694e-06
0.189695 2.180067e-06
0.1729849 2.131553e-06
0.1757768 2.160129e-06
0.1747732 2.189715e-06
0.1886032 2.174968e-06
0.1750353 2.224982e-06
0.1846788 2.161792e-06
0.1770984 2.218194e-06
0.1830597 2.19672e-06
0.1751024 2.118469e-06
0.1768704 2.173333e-06
0.1687052 2.195831e-06
0.1708162 2.220553e-06
0.1614139 2.258342e-06
0.1508761 2.254346e-06
0.1632905 2.287073e-06
0.1742047 2.299239e-06
0.1723527 2.284526e-06
0.1688889 2.31384e-06
0.1638834 2.263958e-06
0.1597722 2.265811e-06
0.1555458 2.241796e-06
0.1674907 2.293438e-06
0.1728727 2.347152e-06
0.1685735 2.35499e-06
0.1628922 2.316973e-06
0.1473543 2.266732e-06
0.1379881 2.240358e-06
0.1404344 2.234409e-06
0.1397043 2.238195e-06
0.1414375 2.300338e-06
0.1614761 2.391113e-06
0.154132 2.412803e-06
0.1369176 2.429901e-06
0.1408209 2.3976e-06
0.1557734 2.478619e-06
0.1459684 2.468268e-06
0.1357231 2.522171e-06
0.1335386 2.572439e-06
0.1224589 2.610199e-06
0.1038263 2.647589e-06
0.1296114 2.58017e-06
0.1359158 2.617056e-06
0.1391135 2.594855e-06
0.1535829 2.575295e-06
0.1563214 2.560158e-06
0.1551373 2.458387e-06
0.1455302 2.523101e-06
0.123217 2.579145e-06
0.1316104 2.54961e-06
0.1296702 2.56443e-06
0.1302285 2.505927e-06
0.1422488 2.502561e-06
0.1394461 2.510844e-06
0.1618958 2.586441e-06
0.152856 2.576138e-06
0.1656151 2.670043e-06
0.1554358 2.746604e-06
0.1473661 2.758386e-06
0.135673 2.824605e-06
0.1344227 2.829237e-06
0.1400414 2.747258e-06
0.1503741 2.831912e-06
0.1464825 2.82965e-06
0.1572719 2.834653e-06
0.1708614 2.842885e-06
0.152369 2.846123e-06
0.1396592 2.810124e-06
0.1212247 2.853027e-06
0.1488533 2.794085e-06
0.1513645 2.74587e-06
0.1502368 2.673914e-06
0.1224811 2.685969e-06
0.1229415 2.741798e-06
0.1209409 2.730452e-06
0.1183281 2.676767e-06
0.1236328 2.628439e-06
0.1222137 2.676575e-06
0.1343219 2.706565e-06
0.1258817 2.690628e-06
0.1268265 2.715029e-06
0.1319497 2.672316e-06
0.142525 2.610975e-06
0.1465276 2.646599e-06
0.1427105 2.647831e-06
0.1431679 2.658448e-06
0.1430454 2.622265e-06
0.14523 2.6816e-06
0.1461354 2.731319e-06
0.1263199 2.769006e-06
0.1315337 2.802721e-06
0.1320049 2.76306e-06
0.1385796 2.755241e-06
0.1345801 2.746742e-06
0.1309356 2.801066e-06
0.1222676 2.794627e-06
0.1227204 2.784215e-06
0.1262803 2.688553e-06
0.1270206 2.727144e-06
0.1115838 2.755806e-06
0.1099286 2.732959e-06
0.1009638 2.700314e-06
0.0989201 2.701913e-06
0.1181774 2.828558e-06
0.1185232 2.892383e-06
0.1115712 2.926616e-06
0.09802937 2.926789e-06
0.1016892 2.906908e-06
0.105832 2.854999e-06
0.09897298 2.814689e-06
0.1023237 2.797623e-06
0.09270463 2.825518e-06
0.09651768 2.954685e-06
0.09141725 3.020743e-06
0.09945918 3.049457e-06
0.1074171 3.064772e-06
0.1013129 3.088915e-06
0.0919942 3.039782e-06
0.09517977 3.044457e-06
0.09063968 3.075784e-06
0.09346349 3.001168e-06
0.09140393 3.109329e-06
0.09573174 3.120945e-06
0.09382924 3.027582e-06
0.09652771 3.175564e-06
0.08271198 3.111438e-06
0.08808481 3.102159e-06
0.08336883 3.146378e-06
0.08622532 3.106891e-06
0.1072326 3.108089e-06
0.1187597 3.038076e-06
0.1082698 3.04892e-06
0.08964089 3.035035e-06
0.08922338 3.007142e-06
0.09599969 3.02104e-06
0.09907356 3.049415e-06
0.09467154 3.182708e-06
0.09192292 3.151799e-06
0.1213168 3.14923e-06
0.1376586 3.232732e-06
0.1310116 3.341542e-06
0.124849 3.3201e-06
0.120339 3.362973e-06
0.1257343 3.425789e-06
0.1226391 3.347749e-06
0.1321408 3.387965e-06
0.1437875 3.240205e-06
0.1301903 3.284294e-06
0.1368118 3.336975e-06
0.1279634 3.314937e-06
0.09587971 3.317027e-06
0.08886229 3.34428e-06
0.07997648 3.442214e-06
0.0845387 3.357117e-06
0.09146358 3.291851e-06
0.08132162 3.377015e-06
0.07602257 3.373276e-06
0.07138228 3.288235e-06
0.07137781 3.149093e-06
0.07355905 3.142281e-06
0.07005331 3.060933e-06
0.07460359 3.075586e-06
0.08271714 2.991835e-06
0.08529376 2.963449e-06
0.09998062 2.935663e-06
0.09469252 2.918297e-06
0.08725721 2.985083e-06
0.09834324 2.961835e-06
0.0967062 2.828116e-06
0.09864787 2.721194e-06
0.1070323 2.808294e-06
0.08611167 2.8451e-06
0.08549335 2.870251e-06
0.08273377 2.849868e-06
0.09210626 2.876465e-06
0.09618094 2.966536e-06
0.08947052 2.933694e-06
0.09835456 2.900888e-06
0.08760143 2.929103e-06
0.08669585 2.967001e-06
0.08387263 2.945024e-06
0.09012304 2.895023e-06
0.08924696 2.912096e-06
0.09673954 2.883748e-06
0.1039318 2.899548e-06
0.1084093 2.76902e-06
0.08953895 2.681699e-06
0.1095746 2.781113e-06
0.1189193 2.727195e-06
0.1129769 2.717386e-06
0.1237603 2.70529e-06
0.1290047 2.639184e-06
0.1463562 2.640165e-06
0.146811 2.558792e-06
0.1420624 2.532308e-06
0.142455 2.502224e-06
0.1541025 2.474983e-06
0.1605367 2.481509e-06
0.1432999 2.503364e-06
0.1482526 2.492547e-06
0.1433754 2.452636e-06
0.1362498 2.53445e-06
0.1489833 2.593845e-06
0.1478002 2.585247e-06
0.1265721 2.616092e-06
0.1392503 2.658248e-06
0.1413458 2.537174e-06
0.135337 2.573992e-06
0.1299744 2.626776e-06
0.1445031 2.648179e-06
0.1508495 2.598109e-06
0.1554084 2.550435e-06
0.13781 2.617667e-06
0.1372848 2.559182e-06
0.1387898 2.542069e-06
0.1328463 2.627478e-06
0.1471665 2.654267e-06
0.1311001 2.727571e-06
0.1228668 2.734726e-06
0.1297358 2.731938e-06
0.1303699 2.714812e-06
0.1106978 2.704675e-06
0.1123556 2.650785e-06
0.1168344 2.519465e-06
0.1139784 2.43304e-06
0.104744 2.473539e-06
0.12206 2.499068e-06
0.1288944 2.470739e-06
0.1307808 2.424278e-06
0.1393173 2.417594e-06
0.1302264 2.464189e-06
0.1438504 2.484761e-06
0.1456228 2.527259e-06
0.1498542 2.496622e-06
0.1243469 2.520433e-06
0.128133 2.561178e-06
0.1257627 2.498084e-06
0.0975221 2.492123e-06
0.1056337 2.540665e-06
0.1138741 2.547826e-06
0.1119087 2.645584e-06
0.1214056 2.628232e-06
0.1235964 2.590219e-06
0.1064216 2.601932e-06
0.1095655 2.563368e-06
0.1236624 2.587203e-06
0.1266848 2.581601e-06
0.1267394 2.540597e-06
0.1404938 2.573997e-06
0.1382634 2.573772e-06
0.1435808 2.57279e-06
0.1530856 2.54909e-06
0.1531575 2.533036e-06
0.1516182 2.600763e-06
0.1518053 2.580239e-06
0.1610044 2.552438e-06
0.1445066 2.490667e-06
0.1322609 2.464391e-06
0.1130771 2.487847e-06
0.1220865 2.524156e-06
0.1130212 2.520146e-06
0.123861 2.488513e-06
0.1069814 2.562716e-06
0.09555663 2.59635e-06
0.1030588 2.556206e-06
0.09591175 2.600523e-06
0.1007706 2.674814e-06
0.1076179 2.613251e-06
0.09633204 2.63108e-06
0.09053026 2.621683e-06
0.09719701 2.56145e-06
0.09688859 2.519522e-06
0.110763 2.490938e-06
0.1097601 2.394703e-06
0.1261053 2.388211e-06
0.1232123 2.408948e-06
0.1524865 2.367041e-06
0.1516049 2.277494e-06
0.165618 2.331861e-06
0.1512857 2.337045e-06
0.1426443 2.325485e-06
0.1430626 2.293105e-06
0.1251663 2.279672e-06
0.1298478 2.366072e-06
0.1573428 2.349032e-06
0.1348503 2.303552e-06
0.1488203 2.268394e-06
0.1464252 2.171742e-06
0.1686058 2.168994e-06
0.178312 2.168538e-06
0.176036 2.248284e-06
0.1733382 2.205115e-06
0.1755346 2.159922e-06
0.1836923 2.189747e-06
0.1820226 2.242156e-06
0.1674872 2.245332e-06
0.1703408 2.305877e-06
0.1760697 2.356304e-06
0.170387 2.35803e-06
0.1863614 2.339257e-06
0.1858234 2.346483e-06
0.1958264 2.294315e-06
0.1650492 2.32668e-06
0.1594472 2.254438e-06
0.1666406 2.243404e-06
0.1615273 2.214514e-06
0.1490801 2.267066e-06
0.1474367 2.336242e-06
0.1342885 2.354873e-06
0.1339936 2.399894e-06
0.1179209 2.483379e-06
0.1268064 2.471012e-06
0.1357977 2.531602e-06
0.1200208 2.634656e-06
0.1276115 2.527274e-06
0.1236334 2.520074e-06
0.1411977 2.589955e-06
0.138893 2.556384e-06
0.1526932 2.599517e-06
0.1532563 2.663166e-06
0.1263806 2.664339e-06
0.1206527 2.616974e-06
0.1084685 2.578312e-06
0.1223477 2.539836e-06
0.1277366 2.562602e-06
0.1382687 2.576484e-06
0.1347346 2.561149e-06
0.1137011 2.643648e-06
0.1016131 2.706954e-06
0.09297545 2.716844e-06
0.0888991 2.702123e-06
0.08887082 2.67849e-06
0.08309757 2.553142e-06
0.07726977 2.601427e-06
0.08754442 2.595122e-06
0.09099522 2.540451e-06
0.08605145 2.619454e-06
0.09467814 2.721841e-06
0.09637996 2.67562e-06
0.09655892 2.647602e-06
0.09180663 2.653831e-06
0.08760006 2.584743e-06
0.0800555 2.555424e-06
0.08934679 2.589005e-06
0.09466496 2.591388e-06
0.1045595 2.604832e-06
0.1068809 2.654083e-06
0.09532846 2.590459e-06
0.09643221 2.518192e-06
0.1009657 2.494361e-06
0.1007694 2.597974e-06
0.08706152 2.569757e-06
0.09560998 2.578128e-06
0.09926529 2.617549e-06
0.09043295 2.596597e-06
0.07216689 2.687722e-06
0.08091219 2.736502e-06
0.09597896 2.81168e-06
0.08065456 2.824379e-06
0.07226222 2.892602e-06
0.06996899 2.963986e-06
0.07526314 3.05297e-06
0.08911591 3.027278e-06
0.07787414 3.089047e-06
0.0692016 3.097471e-06
0.08879655 2.986516e-06
0.08839642 3.057926e-06
0.1007724 3.082316e-06
0.0991963 3.159552e-06
0.1069584 3.206509e-06
0.09501026 3.07686e-06
0.0866851 3.212364e-06
0.08657774 3.234627e-06
0.08604496 3.314222e-06
0.08930214 3.208795e-06
0.09430327 3.062995e-06
0.1192143 2.937225e-06
0.1196123 2.883262e-06
0.1152559 2.895966e-06
0.1241472 2.928724e-06
0.1234431 2.924779e-06
0.1417825 2.90131e-06
0.1464727 2.810931e-06
0.1494942 2.837146e-06
0.1503207 2.913658e-06
0.1376607 2.865902e-06
0.1373251 2.787153e-06
0.1610879 2.820946e-06
0.1464587 2.847091e-06
0.1630538 2.891255e-06
0.1569747 2.928126e-06
0.13539 2.955266e-06
0.1312157 2.893392e-06
0.1230688 2.793776e-06
0.1229984 2.812144e-06
0.1306322 2.803377e-06
0.124415 2.847409e-06
0.1176733 2.886529e-06
0.1356267 2.861063e-06
0.1308448 2.729955e-06
0.1319928 2.681997e-06
0.13168 2.631991e-06
0.115046 2.647736e-06
0.1092988 2.649875e-06
0.1161792 2.634751e-06
0.1151301 2.606736e-06
0.1224987 2.579728e-06
0.1182462 2.55219e-06
0.1205951 2.534864e-06
0.114678 2.483081e-06
0.1234164 2.490865e-06
0.1136444 2.488716e-06
0.1006185 2.47668e-06
0.09184932 2.495294e-06
0.08524731 2.483194e-06
0.07786283 2.435872e-06
0.08937653 2.393346e-06
0.08863338 2.380133e-06
0.09960511 2.356264e-06
0.1158616 2.353169e-06
0.1177869 2.381555e-06
0.09393091 2.44442e-06
0.09858338 2.337113e-06
0.09784345 2.334191e-06
0.1121521 2.385235e-06
0.09345377 2.423522e-06
0.1036424 2.397342e-06
0.1000658 2.336385e-06
0.08777431 2.40361e-06
0.1058266 2.400719e-06
0.10895 2.344627e-06
0.1112615 2.352786e-06
0.1027541 2.407246e-06
0.09914424 2.424205e-06
0.1028096 2.412013e-06
0.09430433 2.417249e-06
0.103339 2.445461e-06
0.09915941 2.453049e-06
0.09483616 2.521381e-06
0.09528237 2.557309e-06
0.1060413 2.597222e-06
0.09118963 2.58972e-06
0.08506257 2.539967e-06
0.08270678 2.552027e-06
0.09846504 2.598601e-06
0.108786 2.610231e-06
0.1093399 2.539106e-06
0.09622332 2.580863e-06
0.09162396 2.66222e-06
0.0970783 2.758323e-06
0.09940886 2.790457e-06
0.1062059 2.790169e-06
0.1017586 2.843757e-06
0.08533568 2.839011e-06
0.08390101 2.884371e-06
0.08224217 2.805483e-06
0.08025108 2.812101e-06
0.1000964 2.887265e-06
0.1107353 2.880268e-06
0.09315422 2.901994e-06
0.1001483 3.012996e-06
0.09006925 2.990558e-06
0.08390086 2.970552e-06
0.08296163 2.927274e-06
0.07478804 2.849334e-06
0.07901001 2.820696e-06
0.08573873 2.822187e-06
0.1001631 2.803796e-06
0.1075698 2.762641e-06
0.1069168 2.715867e-06
0.1090638 2.709547e-06
0.1046926 2.615125e-06
0.1128821 2.594695e-06
0.1129313 2.694899e-06
0.1162526 2.683139e-06
0.1052133 2.679122e-06
0.108212 2.661464e-06
0.1013499 2.702343e-06
0.1102444 2.728565e-06
0.09703685 2.718051e-06
0.09657955 2.632841e-06
0.1019421 2.565965e-06
0.1115023 2.605717e-06
0.1033664 2.596652e-06
0.1015274 2.60754e-06
0.1035248 2.614487e-06
0.09533339 2.620728e-06
0.1021328 2.609079e-06
0.1089089 2.627606e-06
0.1175666 2.637451e-06
0.1092356 2.606667e-06
0.1185898 2.64145e-06
0.128333 2.597327e-06
0.1324847 2.688197e-06
0.1401516 2.776103e-06
0.1308486 2.754807e-06
0.1410495 2.750995e-06
0.1229685 2.666188e-06
0.1264893 2.628251e-06
0.116513 2.622601e-06
0.1282327 2.508827e-06
0.123885 2.377556e-06
0.1144965 2.40931e-06
0.1237261 2.347527e-06
0.1228163 2.419774e-06
0.1366529 2.425326e-06
0.1244816 2.456372e-06
0.1330845 2.466294e-06
0.1356311 2.478561e-06
0.1260056 2.489745e-06
0.1233987 2.510188e-06
0.1378766 2.580398e-06
0.1330392 2.602041e-06
0.1345162 2.606518e-06
0.1269812 2.618972e-06
0.150872 2.577421e-06
0.1607691 2.548498e-06
0.1615387 2.593569e-06
0.1677464 2.602916e-06
0.178561 2.546327e-06
0.1709485 2.535579e-06
0.154089 2.545062e-06
0.161279 2.50707e-06
0.1578041 2.547594e-06
0.1562909 2.514977e-06
0.175503 2.537944e-06
0.1729849 2.551622e-06
0.1585257 2.602725e-06
0.1682304 2.514288e-06
0.1424834 2.550262e-06
0.1385232 2.560847e-06
0.1573422 2.418237e-06
0.1422098 2.443833e-06
0.1440598 2.394139e-06
0.1439283 2.416347e-06
0.1515561 2.422328e-06
0.1517843 2.475979e-06
0.1505875 2.515135e-06
0.1573048 2.534284e-06
0.170308 2.512778e-06
0.1593856 2.572278e-06
0.141817 2.512874e-06
0.1507837 2.392725e-06
0.1352394 2.357778e-06
0.1452331 2.355163e-06
0.1506649 2.335569e-06
0.1563596 2.321978e-06
0.155867 2.291941e-06
0.1484568 2.271698e-06
0.14577 2.238456e-06
0.1456676 2.125397e-06
0.1365255 2.097225e-06
0.1418742 2.156176e-06
0.1346815 2.136387e-06
0.1424494 2.117541e-06
0.1417646 2.086443e-06
0.143869 2.120461e-06
0.1344186 2.082866e-06
0.1364352 2.108029e-06
0.1617004 2.033122e-06
0.1779598 2.078361e-06
0.1889842 2.108954e-06
0.1959106 2.099332e-06
0.1827377 2.049056e-06
0.1706867 2.04166e-06
0.1666177 2.045008e-06
0.1614293 2.075225e-06
0.1583509 2.117787e-06
0.1641303 2.145591e-06
0.1464841 2.128097e-06
0.141778 2.227597e-06
0.1539731 2.231673e-06
0.1428327 2.25088e-06
0.1416291 2.282601e-06
0.1367134 2.291312e-06
0.1281719 2.323535e-06
0.141629 2.291805e-06
0.1155671 2.224098e-06
0.1051154 2.192847e-06
0.09099835 2.136574e-06
0.08699965 2.192924e-06
0.07509571 2.23304e-06
0.08073605 2.316932e-06
0.08628575 2.294595e-06
0.08863088 2.411193e-06
0.09310925 2.400761e-06
0.1016662 2.415382e-06
0.1083854 2.462487e-06
0.1292702 2.445504e-06
0.1388807 2.442831e-06
0.1333096 2.552957e-06
0.1254 2.587323e-06
0.1166561 2.645837e-06
0.1179965 2.65239e-06
0.1185895 2.629232e-06
0.1237069 2.711585e-06
0.1279782 2.817894e-06
0.1133004 2.858909e-06
0.109424 2.898814e-06
0.1102743 2.840301e-06
0.1111339 2.899381e-06
0.09437154 2.888169e-06
0.09103799 2.828345e-06
0.09276363 2.779572e-06
0.09686714 2.880554e-06
0.09999238 2.849923e-06
0.1071303 2.781802e-06
0.1087566 2.752768e-06
0.1280392 2.779507e-06
0.1148572 2.857605e-06
0.110655 2.782854e-06
0.1278179 2.947665e-06
0.09740714 2.957854e-06
0.08105858 2.981616e-06
0.0848892 3.026441e-06
0.08780503 2.976998e-06
0.09159318 2.986889e-06
0.09836491 3.062547e-06
0.117682 3.049336e-06
0.1099268 3.222716e-06
0.1230397 3.142461e-06
0.0931711 3.156244e-06
0.07953703 3.170978e-06
0.08697193 3.275027e-06
0.1102975 3.214426e-06
0.1066027 3.201557e-06
0.08683336 3.181452e-06
0.08701447 3.204034e-06
0.0837211 3.140068e-06
0.08298008 3.162991e-06
0.08985535 3.206418e-06
0.085689 3.185604e-06
0.08494122 3.157084e-06
0.07654728 3.134857e-06
0.08294542 3.174452e-06
0.09695038 3.145993e-06
0.088812 3.21343e-06
0.1079464 3.233402e-06
0.09963412 3.292914e-06
0.106185 3.238689e-06
0.1081881 3.317176e-06
0.09865194 3.300683e-06
0.1211358 3.342126e-06
0.1171583 3.324986e-06
0.1009409 3.210832e-06
0.09962835 3.218355e-06
0.09841397 3.150398e-06
0.08881194 3.148847e-06
0.09133549 3.209369e-06
0.0857899 3.225747e-06
0.09481634 3.198264e-06
0.08597956 3.245214e-06
0.0760813 3.306889e-06
0.07399093 3.228413e-06
0.07931054 3.204762e-06
0.07527414 3.098759e-06
0.08002918 3.093194e-06
0.0823862 3.095654e-06
0.07919971 3.127054e-06
0.08140329 3.053562e-06
0.08125619 3.04241e-06
0.06430708 3.048645e-06
0.06467172 3.0343e-06
0.07282757 3.118563e-06
0.07136951 3.075557e-06
0.09392594 3.099074e-06
0.1063728 3.183778e-06
0.08796344 3.214201e-06
0.0989873 3.127541e-06
0.1009096 3.225999e-06
0.09860008 3.271429e-06
0.09589647 3.217693e-06
0.09904408 3.111085e-06
0.09479849 3.208464e-06
0.09735421 3.238266e-06
0.1021769 3.287765e-06
0.1086424 3.352353e-06
0.1156256 3.49128e-06
0.1198187 3.523066e-06
0.1174587 3.48354e-06
0.1222409 3.447686e-06
0.1154672 3.481517e-06
0.1178159 3.499563e-06
0.1117751 3.503422e-06
0.1160366 3.524055e-06
0.1146385 3.554878e-06
0.1096371 3.626439e-06
0.09890827 3.527969e-06
0.08902898 3.5509e-06
0.09199159 3.508738e-06
0.1044697 3.528574e-06
0.09087326 3.473704e-06
0.1091095 3.5393e-06
0.113154 3.595455e-06
0.1010211 3.512204e-06
0.09599908 3.420313e-06
0.09644083 3.478536e-06
0.1022019 3.427233e-06
0.09008701 3.44986e-06
0.1011172 3.526425e-06
0.1023673 3.524163e-06
0.09248281 3.499549e-06
0.08313459 3.535923e-06
0.08994394 3.40679e-06
0.09337855 3.488812e-06
0.1006437 3.369039e-06
0.1028915 3.339913e-06
0.103505 3.391666e-06
0.0868464 3.461914e-06
0.08166111 3.441702e-06
0.09882973 3.418275e-06
0.08867284 3.321545e-06
0.07830123 3.365867e-06
0.07393891 3.320842e-06
0.07515913 3.319522e-06
0.09526858 3.282589e-06
0.104119 3.29749e-06
0.09127568 3.236013e-06
0.09858879 3.264394e-06
0.08993155 3.299008e-06
0.09403581 3.346937e-06
0.08400573 3.293279e-06
0.08729926 3.364214e-06
0.07669353 3.350948e-06
0.07712275 3.364033e-06
0.08513061 3.362146e-06
0.07482649 3.252712e-06
0.07536955 3.283264e-06
0.0777803 3.374395e-06
0.06491191 3.426847e-06
0.07109215 3.373034e-06
0.07113477 3.327237e-06
0.07913963 3.34531e-06
0.08093686 3.346473e-06
0.08558651 3.394453e-06
0.09497798 3.359643e-06
0.1067554 3.369657e-06
0.09315662 3.416804e-06
0.08961125 3.387195e-06
0.08400202 3.487628e-06
0.06908167 3.405405e-06
0.07166434 3.388888e-06
0.08499123 3.322177e-06
0.07990003 3.182692e-06
0.07720044 3.132621e-06
0.07701551 3.190047e-06
0.09217543 3.139947e-06
0.09438042 3.185495e-06
0.08328507 3.07565e-06
0.09069879 3.085526e-06
0.08794445 2.994942e-06
0.08966518 2.998019e-06
0.09494535 2.974549e-06
0.1025465 2.972406e-06
0.1091813 3.013922e-06
0.09862109 3.025108e-06
0.08522515 2.880227e-06
0.08353559 2.862802e-06
0.08057633 2.888765e-06
0.08160652 2.886595e-06
0.08396769 2.870772e-06
0.0875681 2.82742e-06
0.09331624 2.799761e-06
0.08707415 2.766861e-06
0.0814074 2.78342e-06
0.08052468 2.760047e-06
0.0780293 2.766582e-06
0.09079716 2.864097e-06
0.09018259 2.885316e-06
0.09786681 2.775797e-06
0.09621581 2.748191e-06
0.09932524 2.771933e-06
0.1019293 2.821566e-06
0.1146655 2.757835e-06
0.110039 2.760399e-06
0.1165197 2.831613e-06
0.1199966 2.806224e-06
0.1272261 2.774829e-06
0.1275979 2.823844e-06
0.1448784 2.877729e-06
0.1484972 2.814877e-06
0.144771 2.806493e-06
0.1328109 2.874672e-06
0.1154486 2.969478e-06
0.124286 2.984719e-06
0.1198083 2.992146e-06
0.1187631 2.985748e-06
0.1190201 3.081784e-06
0.1046843 3.00311e-06
0.1095235 3.060333e-06
0.1160329 3.086748e-06
0.1182869 3.208819e-06
0.1177813 3.214119e-06
0.1025246 3.164284e-06
0.1028022 3.151469e-06
0.1049283 3.108174e-06
0.1147358 3.096434e-06
0.1023986 3.074061e-06
0.111424 3.089179e-06
0.1176244 3.024975e-06
0.1249159 3.022962e-06
0.1169437 3.156516e-06
0.1119234 3.143763e-06
0.117808 3.106691e-06
0.1192318 3.092542e-06
0.1073755 3.054518e-06
0.1137501 3.01371e-06
0.1132348 2.999544e-06
0.1187919 3.001062e-06
0.1079955 2.952093e-06
0.1025056 2.891613e-06
0.09137559 2.956004e-06
0.09472365 2.942683e-06
0.08330063 2.9532e-06
0.09070326 2.907226e-06
0.0907631 2.963992e-06
0.09923245 2.960362e-06
0.09798009 2.963797e-06
0.1115178 3.04128e-06
0.08881289 2.963642e-06
0.09757513 2.994328e-06
0.1015158 3.0963e-06
0.1139257 3.141352e-06
0.1150146 3.233873e-06
0.1017626 3.310604e-06
0.1095782 3.388048e-06
0.1132421 3.41094e-06
0.09556498 3.401516e-06
0.08502803 3.364373e-06
0.08999075 3.398057e-06
0.08750076 3.3785e-06
0.09006655 3.425758e-06
0.09668471 3.456794e-06
0.101921 3.475478e-06
0.1085792 3.539962e-06
0.1065171 3.530893e-06
0.1058085 3.618353e-06
0.1010623 3.643567e-06
0.1125675 3.691113e-06
0.107741 3.713324e-06
0.1233846 3.58497e-06
0.1178318 3.562286e-06
0.1122136 3.517718e-06
0.1089649 3.637056e-06
0.1069081 3.648268e-06
0.1009929 3.634736e-06
0.1104128 3.603528e-06
0.1172897 3.620566e-06
0.1063809 3.656946e-06
0.1013358 3.664851e-06
0.09337944 3.615699e-06
0.08310036 3.535684e-06
0.0833637 3.523963e-06
0.0923444 3.425063e-06
0.08407288 3.415665e-06
0.09114582 3.430623e-06
0.08384963 3.417505e-06
0.08890117 3.357086e-06
0.08423877 3.365766e-06
0.0923479 3.341425e-06
0.09583414 3.46058e-06
0.08136657 3.490787e-06
0.08051253 3.58345e-06
0.0787899 3.634312e-06
0.07808544 3.677126e-06
0.07873654 3.538006e-06
0.09116703 3.642032e-06
0.1104097 3.626391e-06
0.1146265 3.729666e-06
0.118841 3.70739e-06
0.1066107 3.626475e-06
0.1116464 3.676069e-06
0.09709499 3.72873e-06
0.08514756 3.719923e-06
0.06487831 3.668465e-06
0.06725037 3.782592e-06
0.0756508 3.824145e-06
0.0734871 3.728622e-06
0.0830645 3.594552e-06
0.07010551 3.685771e-06
0.0758272 3.700009e-06
0.06859152 3.65136e-06
0.07423416 3.608052e-06
0.08172186 3.576601e-06
0.07787395 3.56539e-06
0.07294074 3.603256e-06
0.07482613 3.733885e-06
0.06416482 3.809272e-06
0.07190002 3.739748e-06
0.07754637 3.727862e-06
0.07224964 3.709063e-06
0.08660464 3.651467e-06
0.08480738 3.668307e-06
0.08874762 3.61672e-06
0.09484179 3.566077e-06
0.09823186 3.595039e-06
0.1100179 3.530566e-06
0.09228633 3.52343e-06
0.08454705 3.5586e-06
0.08989729 3.558949e-06
0.08924166 3.54859e-06
0.08408439 3.487958e-06
0.07854673 3.477587e-06
0.08497214 3.560402e-06
0.07945529 3.604651e-06
0.08042871 3.655311e-06
0.08260165 3.485662e-06
0.09208138 3.452379e-06
0.105455 3.574255e-06
0.0992561 3.543742e-06
0.09422817 3.50388e-06
0.09880563 3.547053e-06
0.08869903 3.590796e-06
0.09841023 3.648856e-06
0.09888088 3.751768e-06
0.1055521 3.72409e-06
0.08961461 3.699197e-06
0.08685616 3.610146e-06
0.09516723 3.517103e-06
0.08972828 3.404626e-06
0.08110075 3.434487e-06
0.08744169 3.529254e-06
0.1042335 3.54688e-06
0.08453197 3.608138e-06
0.08362779 3.663862e-06
0.0978505 3.53082e-06
0.1134913 3.534464e-06
0.1220621 3.581014e-06
0.1160421 3.509214e-06
0.1151202 3.499173e-06
0.1214069 3.684001e-06
0.1089776 3.564478e-06
0.09670849 3.568087e-06
0.1128999 3.589737e-06
0.1282808 3.557488e-06
0.1357926 3.588455e-06
0.1236393 3.623193e-06
0.1242907 3.676905e-06
0.1251834 3.627708e-06
0.1226597 3.708676e-06
0.1205555 3.798711e-06
0.1055888 3.814706e-06
0.1081212 3.796686e-06
0.1059191 3.720815e-06
0.1079766 3.7603e-06
0.1044495 3.748255e-06
0.09096717 3.558638e-06
0.08621957 3.499336e-06
0.09892538 3.519804e-06
0.09917705 3.507309e-06
0.09066717 3.517713e-06
0.09874615 3.540563e-06
0.08662392 3.7073e-06
0.07058416 3.675632e-06
0.07452917 3.645667e-06
0.08578338 3.684957e-06
0.08854904 3.683765e-06
0.08954529 3.666121e-06
0.08144271 3.724117e-06
0.08490552 3.713429e-06
0.08358027 3.750704e-06
0.08929598 3.806148e-06
0.0762352 3.765348e-06
0.07607017 3.880485e-06
0.08403375 3.8322e-06
0.08176806 3.762433e-06
0.06489024 3.819842e-06
0.06364151 3.716106e-06
0.06897242 3.75733e-06
0.08223522 3.921642e-06
0.08797722 3.880342e-06
0.09047391 3.85236e-06
0.08394222 3.773781e-06
0.08633676 3.764296e-06
0.0871291 3.812625e-06
0.09072862 3.736749e-06
0.09718321 3.747478e-06
0.09857494 3.746379e-06
0.0986218 3.670229e-06
0.09031305 3.635692e-06
0.09319002 3.567943e-06
0.09921298 3.562753e-06
0.08517097 3.650939e-06
0.08475918 3.745404e-06
0.08975633 3.920049e-06
0.08944367 3.801278e-06
0.08728473 3.804757e-06
0.1053935 3.831607e-06
0.1089432 3.762197e-06
0.1046887 3.7645e-06
0.1154362 3.756031e-06
0.120193 3.712766e-06
0.119056 3.86418e-06
0.11272 3.754786e-06
0.1202028 3.706244e-06
0.1090829 3.78351e-06
0.1104895 3.69565e-06
0.1073938 3.710035e-06
0.1066222 3.824619e-06
0.1189289 3.675356e-06
0.1170772 3.694132e-06
0.1100958 3.757271e-06
0.1103602 3.819837e-06
0.1123585 3.840676e-06
0.1094162 3.873224e-06
0.1050287 3.788951e-06
0.0938251 3.60749e-06
0.09578744 3.633253e-06
0.08756639 3.590258e-06
0.07819639 3.532755e-06
0.07837928 3.562094e-06
0.07917253 3.434724e-06
0.09148132 3.410669e-06
0.0864418 3.297814e-06
0.06875082 3.355574e-06
0.07349978 3.476209e-06
0.08495397 3.455079e-06
0.08509768 3.480913e-06
0.0787832 3.435638e-06
0.07547353 3.613325e-06
0.07088334 3.650677e-06
0.07772475 3.615352e-06
0.08836946 3.667238e-06
0.08562569 3.633808e-06
0.07231117 3.741526e-06
0.07943635 3.707127e-06
0.08211287 3.761878e-06
0.09833272 3.716144e-06
0.08846955 3.714935e-06
0.0903127 3.71896e-06
0.09148848 3.651326e-06
0.08726793 3.669517e-06
0.08216579 3.6831e-06
0.07933282 3.668928e-06
0.09154939 3.616846e-06
0.0852259 3.534587e-06
0.08584649 3.538084e-06
0.07874095 3.523128e-06
0.07995819 3.473776e-06
0.07938334 3.482959e-06
0.08788471 3.41264e-06
0.1077946 3.357505e-06
0.109562 3.247912e-06
0.116462 3.236146e-06
0.09294784 3.296791e-06
0.08793065 3.341553e-06
0.08785366 3.279691e-06
0.09427934 3.307539e-06
0.09131686 3.472018e-06
0.1114453 3.509611e-06
0.102124 3.551807e-06
0.09691143 3.557721e-06
0.1075833 3.516636e-06
0.108405 3.400075e-06
0.1092612 3.404496e-06
0.1070935 3.514633e-06
0.1006266 3.535391e-06
0.09364743 3.586544e-06
0.090087 3.588329e-06
0.09524866 3.513514e-06
0.1059773 3.506651e-06
0.106691 3.355244e-06
0.1204385 3.355996e-06
0.1150919 3.409584e-06
0.1051566 3.301837e-06
0.1092653 3.203479e-06
0.1056538 3.240967e-06
0.0960402 3.329414e-06
0.08743172 3.337098e-06
0.07038281 3.302181e-06
0.07247001 3.285387e-06
0.06698154 3.364112e-06
0.07166093 3.373135e-06
0.07993996 3.480255e-06
0.09285945 3.423673e-06
0.09106867 3.402272e-06
0.09276374 3.472235e-06
0.08569289 3.365496e-06
0.1015644 3.370124e-06
0.1026516 3.362084e-06
0.0922473 3.346418e-06
0.09126534 3.309546e-06
0.08877461 3.222842e-06
0.08113143 3.173111e-06
0.08507028 3.163562e-06
0.09300121 3.139972e-06
0.08828233 3.165688e-06
0.08512366 3.183833e-06
0.07153942 3.142118e-06
0.07932654 3.109303e-06
0.06672318 3.134753e-06
0.07669726 3.202259e-06
0.08051707 3.191141e-06
0.07070836 3.169909e-06
0.0794162 3.031493e-06
0.07921878 3.06468e-06
0.07292058 2.994338e-06
0.07409595 2.89989e-06
0.06596569 2.969482e-06
0.07423321 3.046152e-06
0.07843261 2.975542e-06
0.06712023 2.907077e-06
0.0899267 2.909539e-06
0.09874653 2.857756e-06
0.0940045 2.922557e-06
0.09309547 2.911113e-06
0.1090582 2.794874e-06
0.1071164 2.762526e-06
0.09603915 2.835562e-06
0.1072265 2.88524e-06
0.106795 2.835916e-06
0.116965 2.85436e-06
0.1187109 2.797429e-06
0.1107394 2.742364e-06
0.1163592 2.769663e-06
0.09353468 2.682079e-06
0.09451763 2.652534e-06
0.09481874 2.660762e-06
0.09234353 2.618234e-06
0.08757194 2.624185e-06
0.0795352 2.620991e-06
0.07929188 2.613608e-06
0.0812651 2.605195e-06
0.09418439 2.571314e-06
0.1066654 2.611799e-06
0.1005791 2.603318e-06
0.10116 2.580703e-06
0.09478455 2.56469e-06
0.1000777 2.530189e-06
0.1063342 2.532833e-06
0.1086454 2.492266e-06
0.09798603 2.471752e-06
0.09451141 2.449197e-06
0.0890027 2.379496e-06
0.08760406 2.370053e-06
0.08856313 2.294958e-06
0.1061399 2.289263e-06
0.09616652 2.29399e-06
0.09953732 2.347207e-06
0.1128376 2.331559e-06
0.1187399 2.392359e-06
0.1387556 2.373228e-06
0.1076892 2.315726e-06
0.1081537 2.313713e-06
0.1056183 2.303479e-06
0.09827675 2.218211e-06
