-0.4588655
-0.4574305
-0.4589575
-0.4564879
-0.4566598
-0.4562949
-0.4571561
-0.4574598
-0.4581132
-0.4567548
-0.4554173
-0.4550863
-0.4569237
-0.4579437
-0.4595313
-0.457558
-0.4543255
-0.4578794
-0.4568742
-0.4564741
-0.458748
-0.4601093
-0.4581212
-0.4558766
-0.4575759
-0.4583052
-0.4563149
-0.4576372
-0.4563024
-0.4566231
-0.4582367
-0.4580523
-0.4575295
-0.4558191
-0.4600087
-0.4565365
-0.4576725
-0.4558337
-0.4597137
-0.4572645
-0.4579739
-0.4565005
-0.4562555
-0.4587112
-0.4575638
-0.4570509
-0.4588609
-0.4536473
-0.4551692
-0.4559036
-0.4569184
-0.4564754
-0.4590615
-0.4570169
-0.4561465
-0.4573081
-0.4580391
-0.4575222
-0.4577594
-0.4573143
-0.455199
-0.4554557
-0.4580604
-0.4560954
-0.4566134
-0.4531974
-0.4581814
-0.4563989
-0.4576488
-0.4570153
-0.4581314
-0.4579772
-0.4560055
-0.4583724
-0.4567601
-0.4569119
-0.4551794
-0.4589919
-0.4561472
-0.4583378
-0.4560015
-0.4562764
-0.4569256
-0.4571588
-0.4590889
-0.4579236
-0.4577728
-0.4574586
-0.4563642
-0.4564702
-0.4553284
-0.4594129
-0.4573244
-0.4564135
-0.4573735
-0.4577502
-0.45564
-0.4557941
-0.4580425
-0.4589423
-0.4568474
-0.4564339
-0.4575895
-0.4554959
-0.4572677
-0.4558754
-0.4589625
-0.4570581
-0.4578974
-0.4580656
-0.4572356
-0.4589064
-0.4582462
-0.45684
-0.458152
-0.4561601
-0.4577534
-0.4560313
-0.4554129
-0.4583127
-0.4569317
-0.4568657
-0.4573874
-0.4567671
-0.457657
-0.4564368
-0.4546768
-0.4578768
-0.4579301
-0.4581609
-0.4571704
-0.4554553
-0.4561629
-0.4559562
-0.4600673
-0.4590274
-0.4571481
-0.458564
-0.4592606
-0.456338
-0.4577534
-0.4570076
-0.4574552
-0.4556004
-0.4561149
-0.4584005
-0.4573935
-0.4571345
-0.4562082
-0.4562001
-0.4554969
-0.4560662
-0.454887
-0.4555109
-0.4577993
-0.4576102
-0.4573236
-0.4550367
-0.4554109
-0.4578531
-0.456962
-0.4571126
-0.4564653
-0.4565643
-0.4571027
-0.4565837
-0.458289
-0.4576509
-0.4584797
-0.459396
-0.4560246
-0.4555949
-0.4571371
-0.4583101
-0.4574075
-0.4569482
-0.4562017
-0.4580198
-0.4572244
-0.4567028
-0.4562484
-0.456325
-0.4535836
-0.4579755
-0.4570865
-0.4557899
-0.4574725
-0.4584026
-0.4574408
-0.4554461
-0.4573422
-0.4570804
-0.4567261
-0.4565402
-0.45804
-0.4547853
-0.4583809
-0.4570085
-0.4562576
-0.4579388
-0.4581493
-0.4572411
-0.4556086
-0.4576106
-0.4564839
-0.4575304
-0.4572574
-0.4566568
-0.4579362
-0.4584323
-0.4570736
-0.4585931
-0.4536533
-0.4580451
-0.4584236
-0.4552706
-0.4566613
-0.4563721
-0.45734
-0.4581772
-0.4584323
-0.4566241
-0.4555609
-0.4562334
-0.4559216
-0.4573394
-0.4577294
-0.4585261
-0.4581774
-0.456561
-0.4568899
-0.4547017
-0.4583395
-0.4575191
-0.4566574
-0.457743
-0.4580732
-0.4582352
-0.4564386
-0.4571389
-0.4567496
-0.4576924
-0.4582136
-0.4585501
-0.4560679
-0.4582072
-0.4563928
-0.4590382
-0.4565605
-0.4559306
-0.4560487
-0.4585754
-0.4579254
-0.4591069
-0.4586962
-0.4580107
-0.4586448
-0.457817
-0.4568858
-0.4584003
-0.4590056
-0.4585108
-0.4569857
-0.4575569
-0.4560095
-0.4587242
-0.4581216
-0.4573608
-0.4575768
-0.4581216
-0.4571073
-0.4558259
-0.4578388
-0.4572088
-0.4573574
-0.4564584
-0.4570078
-0.4570609
-0.4552756
-0.4562518
-0.4579338
-0.4563659
-0.4572944
-0.456513
-0.4589066
-0.4584528
-0.457051
-0.4554772
-0.4562672
-0.4576661
-0.4570313
-0.4552658
-0.4576312
-0.459018
-0.4560595
-0.4575504
-0.4545545
-0.4586361
-0.4575785
-0.4582688
-0.4566333
-0.4570698
-0.4555455
-0.4587411
-0.4584981
-0.4577434
-0.4565723
-0.4566916
-0.4604591
-0.4575519
-0.4584585
-0.456773
-0.4580752
-0.4569628
-0.4561736
-0.4557719
-0.4580529
-0.456292
-0.4568665
-0.4561596
-0.4544308
-0.4566429
-0.4553752
-0.4555008
-0.4581804
-0.4561953
-0.4568001
-0.4571328
-0.4560869
-0.4565357
-0.458004
-0.4557985
-0.4581416
-0.4574081
-0.4543132
-0.4574258
-0.4587606
-0.4579723
-0.4562776
-0.4591969
-0.457163
-0.4579696
-0.4555189
-0.4581519
-0.4565842
-0.4557943
-0.4554583
-0.4595795
-0.4550763
-0.4581801
-0.4543022
-0.4583616
-0.4575411
-0.4563275
-0.4580942
-0.4564567
-0.4569527
-0.4564667
-0.458175
-0.4558327
-0.4567636
-0.4593494
-0.4558345
-0.4584329
-0.4558163
-0.4605828
-0.4571281
-0.4548147
-0.4582737
-0.4577174
-0.4592139
-0.4570822
-0.4588993
-0.4575493
-0.4582118
-0.4576733
-0.4580341
-0.455395
-0.4555759
-0.4583116
-0.4572461
-0.4577714
-0.4575923
-0.4562601
-0.4576646
-0.4580117
-0.4550506
-0.4568262
-0.4575136
-0.4585453
-0.457088
-0.4564267
-0.4566983
-0.4582691
-0.4581566
-0.4578899
-0.4558596
-0.4571293
-0.4552058
-0.4543539
-0.4556709
-0.4574949
-0.4602217
-0.4591332
-0.4573047
-0.4593336
-0.4558406
-0.4582048
-0.4574096
-0.4544509
-0.4568137
-0.4575008
-0.455997
-0.4587579
-0.4563318
-0.4591502
-0.4559992
-0.457295
-0.4582087
-0.4568658
-0.4579584
-0.458432
-0.4573514
-0.459064
-0.4556562
-0.4591138
-0.457064
-0.4574292
-0.4573738
-0.4552152
-0.456716
-0.4545951
-0.4579598
-0.4551582
-0.4571332
-0.4581858
-0.4568879
-0.4563356
-0.4576721
-0.4566075
-0.4575345
-0.4575537
-0.4559688
-0.4569981
-0.4574061
-0.4552567
-0.457676
-0.4581002
-0.458159
-0.4567528
-0.4573259
-0.4579857
-0.456825
-0.4559191
-0.4578126
-0.4567085
-0.4571483
-0.4591708
-0.4562701
-0.4573049
-0.457017
-0.4555353
-0.4543776
-0.4571815
-0.4556064
-0.457942
-0.4558609
-0.4593139
-0.456187
-0.4574351
-0.4585876
-0.4575839
-0.4553057
-0.456254
-0.4581792
-0.4574442
-0.4575675
-0.4573772
-0.4570361
-0.4557676
-0.4568063
-0.4585008
-0.4547678
-0.4551425
-0.4574456
-0.45794
-0.4579359
-0.4570537
-0.456748
-0.4590542
-0.4569983
-0.4572363
-0.459371
-0.4568842
-0.4582956
-0.4588385
-0.457672
-0.4563423
-0.4568194
-0.4551773
-0.4559928
-0.4576497
-0.4566363
-0.4566918
-0.4567841
-0.4565613
-0.4561585
-0.4563825
-0.457134
-0.4552783
-0.4550721
-0.4559392
-0.4578496
-0.4580835
-0.4557691
-0.4577735
-0.4568453
-0.4567468
-0.4552128
-0.4568562
-0.4565912
-0.4590821
-0.4560622
-0.4593662
-0.4576377
-0.4556199
-0.4551369
-0.4580848
-0.4567659
-0.4573503
-0.4579624
-0.4576536
-0.4574624
-0.4561351
-0.4586988
-0.4582509
-0.4559119
-0.4562596
-0.4565683
-0.4572664
-0.4575158
-0.456395
-0.459156
-0.456895
-0.4551013
-0.4582846
-0.4561434
-0.4573469
-0.4542976
-0.4565936
-0.4580388
-0.4578462
-0.4571834
-0.4594178
-0.4582657
-0.4565153
-0.4545026
-0.4570857
-0.4581431
-0.4576753
-0.4573084
-0.457173
-0.4584192
-0.4576261
-0.4556827
-0.457544
-0.4583035
-0.4552054
-0.4572458
-0.4573244
-0.4574107
-0.4593205
-0.4578362
-0.4583693
-0.457692
-0.4583991
-0.458397
-0.454534
-0.4569274
-0.4588532
-0.4554554
-0.4574916
-0.4568114
-0.456243
-0.4559338
-0.457269
-0.4579151
-0.4557591
-0.456299
-0.4571693
-0.457172
-0.4566142
-0.4557984
-0.4560778
-0.4570158
-0.4567315
-0.4595963
-0.4581666
-0.4563963
-0.4576677
-0.4581224
-0.4586909
-0.4532734
-0.4554748
-0.4577255
-0.4568217
-0.4556562
-0.4557811
-0.4577272
-0.4546858
-0.4549246
-0.4588821
-0.4569377
-0.4570294
-0.456716
-0.4573679
-0.4553249
-0.4585448
-0.4555445
-0.456313
-0.4546695
-0.4586652
-0.4591367
-0.4587669
-0.457802
-0.45808
-0.4553638
-0.4579545
-0.4557941
-0.455786
-0.45547
-0.4578751
-0.4567893
-0.4555996
-0.4562388
-0.4547543
-0.4587237
-0.4567166
-0.4570572
-0.4575408
-0.4577437
-0.4573422
-0.4551123
-0.4576018
-0.4568748
-0.4581592
-0.4577635
-0.457882
-0.4577646
-0.4588831
-0.4569488
-0.4590028
-0.4557527
-0.4571723
-0.4573071
-0.4557262
-0.4578839
-0.4571408
-0.4579649
-0.4582715
-0.45727
-0.4571344
-0.4568136
-0.4568995
-0.4584594
-0.4564348
-0.456329
-0.4567632
-0.4552183
-0.4580195
-0.4576791
-0.4577777
-0.4578868
-0.4570222
-0.4586422
-0.4578929
-0.4568472
-0.4577839
-0.4572013
-0.4567032
-0.4576129
-0.4576198
-0.4571161
-0.4561061
-0.4574195
-0.4556382
-0.4567264
-0.4556375
-0.4558369
-0.4577232
-0.4590801
-0.4562471
-0.4585582
-0.457487
-0.4547134
-0.4574427
-0.4580313
-0.45741
-0.454059
-0.4572685
-0.4610076
-0.4581355
-0.4572811
-0.4557597
-0.4588619
-0.4566781
-0.4561532
-0.4567786
-0.4559845
-0.456089
-0.4574212
-0.4573852
-0.4588372
-0.456175
-0.4578802
-0.4532358
-0.4566681
-0.4582185
-0.4550605
-0.4568825
-0.453881
-0.4582977
-0.4538308
-0.4556645
-0.4572419
-0.4579591
-0.4566922
-0.4561542
-0.4565496
-0.4581631
-0.4589026
-0.45844
-0.4586609
-0.4565199
-0.4554929
-0.4564394
-0.4542928
-0.4550197
-0.4549311
-0.4579909
-0.456045
-0.457973
-0.4579278
-0.4562633
-0.4573314
-0.4553263
-0.4578033
-0.4578266
-0.4579595
-0.4570589
-0.4562622
-0.4587023
-0.4553174
-0.4597292
-0.4580272
-0.4571534
-0.4567468
-0.457467
-0.4558864
-0.4587736
-0.4573298
-0.4561599
-0.4581573
-0.4589464
-0.4555669
-0.4563836
-0.4569794
-0.4570118
-0.4571476
-0.4586224
-0.4564104
-0.4571161
-0.4573721
-0.4573539
-0.4573245
-0.4567385
-0.4577658
-0.4597021
-0.4555606
-0.4577752
-0.4572549
-0.4584488
-0.4578355
-0.4570181
-0.4584464
-0.4589067
-0.4557186
-0.4569484
-0.4573236
-0.4564246
-0.4561484
-0.4566376
-0.4567595
-0.4596916
-0.4572663
-0.4565862
-0.4593972
-0.4589297
-0.456606
-0.4560312
-0.4567449
-0.4553083
-0.4579802
-0.457422
-0.4561464
-0.4568768
-0.4574898
-0.4589208
-0.4563044
-0.4569044
-0.4573232
-0.4566659
-0.4573035
-0.4557573
-0.4563093
-0.4568277
-0.4594645
-0.4564963
-0.4570688
-0.4565012
-0.4560588
-0.4580622
-0.4579011
-0.4556558
-0.4568174
-0.4572651
-0.4574965
-0.4569487
-0.4588705
-0.4568877
-0.4562943
-0.4570052
-0.459759
-0.4547713
-0.457313
-0.4571122
-0.4551264
-0.456538
-0.4555827
-0.4576666
-0.4549566
-0.4573499
-0.4583644
-0.4561392
-0.4557299
-0.4572262
-0.4571653
-0.4572592
-0.4572425
-0.4574289
-0.4565346
-0.4601328
-0.4576922
-0.4568691
-0.4591099
-0.4555653
-0.4583472
-0.4563148
-0.457526
-0.4575915
-0.4567423
-0.4561486
-0.4574347
-0.4576894
-0.4567025
-0.4568804
-0.4576552
-0.4596903
-0.4570342
-0.4554893
-0.4554935
-0.4590284
-0.4566973
-0.4565655
-0.4579089
-0.4559485
-0.4571387
-0.4561498
-0.4578733
-0.4539879
-0.4571665
-0.455574
-0.4571615
-0.4575174
-0.4545571
-0.4583024
-0.4559728
-0.4561207
-0.4579884
-0.4568719
-0.4581573
-0.4576986
-0.4555486
-0.4559796
-0.4586275
-0.4573685
-0.4574234
-0.4568086
-0.4555806
-0.457349
-0.4573666
-0.458381
-0.4585851
-0.4562142
-0.4553751
-0.4590761
-0.4582477
-0.457069
-0.4583024
-0.4561698
-0.4579764
-0.4556868
-0.4561469
-0.4565742
-0.4586041
-0.4568192
-0.4579224
-0.4545737
-0.4585688
-0.4591268
-0.4553429
-0.4568254
-0.4547841
-0.4571051
-0.4575354
-0.4595204
-0.455133
-0.4578938
-0.456891
-0.4567043
-0.4586284
-0.4578056
-0.4588317
-0.4567406
-0.4582016
-0.4570563
-0.4567939
-0.4573287
-0.4586938
-0.4569203
-0.4565125
-0.4559648
-0.4572462
-0.4542234
-0.4558996
-0.4555749
-0.4573117
-0.4587143
-0.457223
-0.4552742
-0.4549115
-0.4573864
-0.4565659
-0.4575408
-0.4587138
-0.4586004
-0.4562552
-0.4572736
-0.4570537
-0.4573109
-0.4554909
-0.4556925
-0.4595968
-0.4566328
-0.4570992
-0.4567103
-0.4544497
-0.4557958
-0.4581853
-0.4585122
-0.4580903
-0.4575887
-0.4577168
-0.4575463
-0.4585444
-0.4583656
-0.456407
-0.4560759
-0.4574492
-0.4549837
-0.4556296
-0.4578525
-0.4572791
-0.4567369
-0.4561632
-0.4567444
-0.4582075
-0.4572582
-0.4574508
-0.4568665
-0.4558603
-0.4556365
-0.4579098
-0.4537403
-0.4568258
-0.4569859
-0.45824
-0.457704
-0.4585133
-0.4575978
-0.4539328
-0.4568985
-0.4560631
-0.4574568
-0.4558556
-0.4568685
-0.4572549
-0.4566479
-0.4577569
-0.4568273
-0.4564527
-0.4595206
-0.4583164
-0.457529
-0.4570621
-0.4572286
-0.4564172
-0.4558272
-0.4574991
-0.4565628
-0.457929
-0.4579366
-0.4576458
-0.4552889
-0.4569969
-0.4565629
-0.4571206
-0.4584
-0.4564648
-0.4568996
-0.4556921
-0.4586083
-0.4589878
-0.4547931
-0.4548541
-0.4562938
-0.4569941
-0.4539812
-0.4583367
-0.4559817
-0.460122
-0.4590798
-0.4557013
-0.4587963
-0.4576807
-0.4577937
-0.4566181
-0.4563052
-0.4584069
-0.4577528
-0.4572133
-0.4584755
-0.4576178
-0.4576416
-0.4561279
-0.4582055
-0.4564761
-0.4586115
-0.4568211
-0.4580907
-0.4561959
-0.4569588
-0.4559911
-0.4585862
-0.4578876
-0.4580273
-0.4549501
-0.4565997
-0.4582349
-0.4590811
-0.4584064
-0.4573201
-0.4586854
-0.4574102
-0.4567498
-0.4565418
-0.4575322
-0.4575444
-0.4572166
-0.4574961
-0.4554031
-0.4582743
-0.4571084
-0.4563518
-0.4551929
-0.4594709
-0.4579023
-0.455472
-0.4580046
-0.4566156
-0.4557753
-0.4581639
-0.4559618
-0.4568201
-0.457739
-0.4573066
-0.4583881
-0.4560123
-0.4574484
-0.4555787
-0.457151
-0.4592243
-0.4566814
-0.4555008
-0.4573625
-0.4537933
-0.4585053
-0.4579273
-0.4561688
-0.4549584
-0.4557605
-0.4571949
-0.4573985
-0.4565826
-0.4553948
-0.4589325
-0.4582935
-0.4560622
-0.4583161
-0.456501
-0.4572795
-0.4577511
-0.4565281
-0.4569913
-0.4573943
-0.4548477
-0.4557567
-0.456414
-0.4574277
-0.4574926
-0.4579683
-0.4558006
-0.4580552
-0.4568206
-0.4564783
-0.4593944
-0.4572818
-0.4556703
-0.456579
-0.4555183
-0.4573883
-0.4577362
-0.4558346
-0.4564705
-0.4565735
-0.4558015
-0.4572425
-0.4552929
-0.4580705
-0.4556275
-0.4581551
-0.4572313
-0.4570102
-0.4564494
-0.4571633
-0.4584312
-0.4582413
-0.4589764
-0.4560847
-0.4564685
-0.457725
-0.4590444
-0.4575948
-0.4559493
-0.4557243
-0.4548643
-0.4548783
-0.4582464
-0.4578924
-0.4572029
-0.4580942
-0.4561677
-0.4552441
-0.4578171
-0.4570722
-0.4570766
-0.45669
-0.4551184
-0.4559413
-0.45705
-0.4562703
-0.4586844
-0.456237
-0.4559603
-0.4571225
-0.4557229
-0.4562672
-0.457032
-0.4568384
-0.4577754
-0.4563136
-0.4579674
-0.4576923
-0.4575279
-0.4564642
-0.4577469
-0.4545723
-0.4541855
-0.4571918
-0.4559361
