0.002516382
0.002436252
0.00252447
0.002478577
0.002449254
0.00245827
0.002513286
0.002611836
0.002421587
0.002530648
0.002552002
0.002636749
0.002638931
0.002437096
0.002644284
0.002593427
0.002590658
0.002603027
0.002620665
0.00261985
0.002676551
0.00267395
0.002411635
0.002398173
0.002773257
0.002687169
0.002696019
0.002681334
0.002550579
0.002699753
0.002738347
0.002588631
0.002632929
0.002679015
0.002624539
0.002517012
0.002486703
0.002689744
0.002730984
0.002676903
0.002573479
0.002872019
0.002770322
0.002630426
0.002653469
0.002701896
0.002689421
0.002823549
0.002649769
0.00285874
0.002644763
0.002762984
0.002499418
0.002765824
0.002831503
0.002727786
0.002585828
0.002608316
0.002720166
0.002685064
0.00264478
0.002688975
0.002699548
0.002559891
0.002716908
0.002686376
0.002497165
0.002616103
0.002408945
0.002661731
0.002662398
0.002807292
0.002560216
0.002951462
0.002807781
0.00280994
0.002690328
0.002603173
0.002679368
0.002679628
0.00252494
0.002712001
0.002661394
0.002548888
0.002802067
0.002715167
0.002645154
0.002718457
0.00254449
0.002788342
0.002763086
0.00285952
0.002592597
0.002804007
0.002906022
0.002822323
0.002588756
0.002696934
0.002522904
0.002730296
0.002705852
0.002770389
0.002674905
0.002494257
0.002663273
0.002725456
0.002623389
0.002718665
0.002745527
0.002657533
0.002445355
0.00266204
0.002632345
0.002603622
0.002538984
0.002724756
0.002657758
0.002808196
0.00297846
0.002591422
0.002700861
0.002702383
0.002553128
0.002645418
0.002631488
0.002580833
0.002693918
0.002694407
0.00273812
0.002799021
0.002621859
0.002723741
0.002617004
0.00262398
0.002564677
0.002874651
0.002697416
0.002671049
0.002746706
0.002770885
0.002775828
0.002834293
0.002609339
0.002885753
0.002697277
0.002618053
0.002717329
0.002811919
0.002739832
0.002751486
0.002750736
0.002748175
0.002589078
0.002740019
0.002632659
0.002830419
0.002843951
0.002739548
0.002545534
0.00276179
0.002701662
0.002672131
0.002689299
0.002687629
0.002713771
0.002808662
0.002874015
0.002678718
0.002670716
0.002682687
0.002741752
0.002722214
0.00273545
0.002555705
0.002736288
0.00274738
0.002732052
0.002979957
0.002680699
0.002851668
0.002930913
0.002840703
0.002755825
0.002672167
0.002786525
0.002709487
0.002521217
0.002671375
0.002599874
0.002720315
0.00274624
0.00269248
0.002663863
0.002594518
0.002705361
0.00265093
0.002772465
0.002558412
0.002702643
0.002556434
0.002660907
0.002540674
0.002617012
0.002844611
0.002682184
0.002717172
0.002600036
0.002700502
0.002771462
0.002778912
0.002894853
0.002887303
0.002741209
0.00282558
0.002615667
0.002933167
0.002846335
0.002889031
0.002788858
0.002825146
0.002550955
0.002775808
0.002808746
0.002741184
0.002969654
0.002673125
0.002800677
0.002966055
0.002736676
0.002665158
0.002725657
0.002670042
0.002899342
0.002807274
0.002841079
0.002927489
0.00264701
0.002760354
0.002805303
0.002792515
0.002673961
0.002637518
0.002700755
0.002719063
0.002718306
0.002750473
0.002598384
0.002619832
0.002574321
0.002703986
0.002733591
0.002670812
0.002890009
0.002663677
0.002878529
0.002868541
0.002671112
0.002700412
0.002792375
0.002800429
0.002756998
0.002642059
0.002921643
0.002744075
0.002665926
0.002808294
0.002673928
0.002785544
0.002728249
0.002689028
0.002620618
0.002500701
0.002888691
0.002736853
0.002757034
0.002807126
0.00275096
0.002746138
0.002687877
0.002778665
0.002662663
0.00250551
0.002605596
0.002771094
0.002823534
0.002731904
0.002876598
0.002610927
0.002703235
0.002814674
0.002582407
0.002585556
0.003083364
0.002772844
0.002710906
0.002727322
0.002765803
0.002841032
0.002671782
0.002820491
0.002580505
0.002618135
0.002554185
0.002608
0.002554514
0.002684874
0.002566732
0.002600506
0.002639191
0.00255411
0.002617596
0.002593026
0.0028376
0.002677139
0.00292691
0.002846988
0.002572114
0.00279271
0.002585229
0.002715851
0.002834392
0.002597209
0.002737734
0.002854957
0.002673375
0.002975992
0.002955842
0.002809404
0.002810861
0.00286151
0.002560214
0.002570772
0.002619143
0.002710315
0.002859834
0.002806996
0.002817335
0.002673578
0.002553801
0.002740838
0.002815514
0.002670497
0.002751386
0.002731524
0.002716602
0.002638332
0.002656211
0.002774185
0.002779102
0.002768587
0.002712037
0.002749329
0.002708158
0.002721521
0.002654727
0.002604141
0.002603696
0.002861052
0.002556878
0.002625333
0.002715085
0.002788021
0.002736904
0.002761228
0.002696709
0.002779581
0.002791117
0.003004563
0.002694799
0.002526697
0.00278615
0.002495173
0.002587905
0.002736515
0.003002366
0.002742576
0.002576315
0.002690567
0.002747594
0.002663192
0.002565471
0.002803004
0.002707307
0.002782659
0.002881474
0.002801756
0.002780726
0.002669652
0.002894098
0.002771702
0.00266466
0.002746602
0.002868948
0.002884759
0.002768913
0.002930901
0.0027309
0.002829294
0.002809423
0.002666914
0.002845204
0.00279422
0.002929022
0.002873959
0.002857897
0.002833621
0.002676145
0.002714967
0.002811401
0.002758957
0.00269828
0.003054567
0.002928927
0.002688389
0.002622946
0.002742231
0.002865772
0.00269293
0.002730014
0.002768926
0.00260527
0.002670002
0.002844498
0.002684238
0.002707717
0.002794753
0.002862258
0.002776026
0.002766057
0.002836899
0.002641843
0.002834075
0.002769328
0.002584692
0.002783384
0.002718607
0.002770793
0.002702756
0.002687267
0.002681723
0.002632492
0.002490357
0.002576763
0.002880571
0.002649012
0.002684081
0.002575291
0.002748486
0.002689641
0.002629358
0.002583031
0.002745257
0.002740031
0.00266178
0.002680606
0.002742248
0.002657482
0.002692829
0.002860382
0.002619792
0.002708995
0.002783789
0.002761671
0.002734266
0.002716955
0.002792711
0.002616151
0.002713225
0.002676562
0.002776657
0.002920977
0.002686179
0.00281349
0.002992622
0.002671267
0.002630344
0.002654191
0.002759708
0.002631306
0.002850169
0.002637166
0.002783142
0.002718883
0.002737917
0.002696419
0.002817984
0.002662438
0.002599413
0.002780241
0.002818946
0.002636894
0.002751135
0.002762439
0.002685913
0.002744033
0.002690546
0.00285183
0.002833016
0.002722848
0.00254416
0.002707676
0.00289466
0.002674089
0.002862304
0.002606172
0.002821456
0.002956288
0.002784202
0.00276244
0.002576146
0.002756549
0.002657804
0.002726034
0.002841831
0.002733671
0.002897927
0.002662634
0.002872307
0.002918726
0.002905117
0.002890596
0.002677253
0.00272084
0.002821514
0.002660011
0.003052258
0.002831174
0.002803986
0.002618675
0.002555928
0.002831501
0.00277984
0.002779978
0.002737013
0.002675491
0.002797643
0.002712951
0.002554096
0.002681569
0.002610958
0.002976236
0.002740391
0.002757039
0.002722093
0.00263646
0.002706066
0.002640958
0.002612037
0.002707348
0.00259478
0.002664041
0.002745471
0.002739197
0.00269677
0.00259995
0.00269335
0.002635603
0.002719047
0.002732463
0.002655366
0.002598165
0.002602643
0.002698314
0.002820242
0.00276047
0.002683283
0.002604147
0.002671783
0.00263923
0.002643556
0.002570635
0.002721192
0.002721824
0.00279738
0.002727706
0.002818675
0.002697562
0.002542386
0.002603078
0.002486457
0.002728117
0.002477185
0.002637523
0.002756559
0.002698064
0.002701709
0.002660517
0.002653256
0.002500157
0.002538166
0.00251022
0.002772791
0.002843118
0.002637542
0.002648196
0.002564817
0.002601141
0.002738393
0.002937991
0.002577627
0.002506233
0.002722518
0.002662008
0.002724688
0.00260428
0.002878694
0.002584527
0.002804025
0.002651344
0.002793534
0.00268346
0.002802501
0.002799059
0.00260867
0.002794796
0.002800672
0.00254923
0.002662064
0.002741681
0.002905628
0.002830753
0.002880724
0.002824304
0.002813027
0.002663251
0.00287158
0.002826582
0.002742978
0.002645159
0.002632999
0.002757651
0.002768592
0.002817367
0.002884561
0.003008462
0.002932704
0.002828629
0.002930967
0.002813665
0.002893206
0.002808949
0.002666722
0.00269781
0.002739601
0.002674642
0.002708822
0.002692671
0.002705882
0.002777323
0.002580018
0.002691563
0.002772586
0.002755784
0.002904776
0.002600768
0.002583859
0.002763509
0.002831863
0.002711849
0.002750819
0.002584476
0.002587525
0.002796524
0.002534684
0.002819878
0.002706767
0.00270928
0.002618099
0.002715202
0.002689992
0.002600966
0.002583178
0.00266762
0.002734436
0.002657521
0.002755418
0.002751653
0.002982137
0.002767328
0.002616486
0.002582605
0.002783327
0.002583017
0.002914656
0.002869802
0.002729378
0.002823377
0.002912915
0.00285114
0.002833895
0.002741475
0.002712659
0.002699424
0.002504452
0.00274155
0.002666348
0.00270773
0.00260382
0.00282281
0.002461955
0.002598164
0.002791711
0.002773622
0.002873116
0.002771377
0.002778706
0.002798922
0.00275769
0.002670393
0.00284507
0.002790895
0.00264859
0.002696951
0.00261135
0.002815278
0.002835802
0.002850548
0.002754648
0.002593744
0.002761927
0.002642703
0.002568325
0.002478996
0.002751148
0.002734727
0.00280911
0.002797482
0.002740623
0.002668235
0.002712823
0.002657121
0.002655917
0.002721378
0.002709524
0.00269127
0.002540418
0.002891675
0.00264522
0.00256043
0.002633098
0.002738548
0.002850178
0.002695775
0.00289851
0.00260879
0.002698336
0.002613465
0.002769164
0.002867095
0.002666752
0.002645675
0.002799675
0.002906223
0.00283743
0.00261712
0.002760637
0.002665163
0.002715049
0.002820898
0.002904529
0.002786001
0.002729395
0.002723532
0.00273637
0.002664487
0.002661593
0.002480614
0.002751764
0.002727216
0.002864055
0.002631683
0.002616089
0.002778361
0.002757448
0.002714641
0.002788012
0.002764297
0.00281223
0.002661646
0.002743902
0.002795682
0.002852071
0.002659649
0.002598256
0.002811723
0.00269002
0.002822748
0.002502381
0.002689498
0.002959068
0.002745507
0.002608684
0.002720235
0.002724657
0.002738214
0.002889211
0.00280023
0.002648409
0.002776203
0.00289786
0.002572564
0.002711625
0.002849945
0.002571363
0.002728956
0.002807132
0.002672618
0.002799734
0.002837064
0.002702282
0.002780054
0.002769361
0.002673067
0.00296356
0.002765972
0.002682159
0.002693346
0.002744075
0.002693937
0.002806586
0.002788416
0.002788744
0.002746765
0.00272466
0.002758584
0.002849502
0.002757216
0.002824266
0.002569338
0.002614113
0.002679584
0.002774478
0.002559987
0.002730947
0.002819219
0.002661854
0.002612758
0.002760472
0.002580319
0.002699105
0.002910087
0.002783471
0.002534758
0.002809374
0.002742974
0.002720932
0.002736044
0.002800168
0.002662357
0.00260261
0.002703373
0.002926481
0.002546496
0.002409324
0.002753854
0.0026208
0.002805814
0.002808669
0.002677119
0.002655986
0.002752247
0.002811212
0.002702227
0.002625643
0.002713596
0.00279091
0.002802372
0.002586552
0.002643552
0.002785125
0.002621657
0.002965609
0.002759245
0.002739713
0.002811892
0.002699771
0.002823176
0.002722337
0.002469341
0.002733344
0.002530513
0.002678758
0.002852774
0.00263792
0.002813185
0.002822942
0.002863104
0.002831261
0.002611373
0.002640289
0.002634836
0.002768113
0.002483419
0.002664266
0.002652773
0.002672017
0.002601193
0.002537817
0.002487733
0.002564737
0.002660009
0.002622075
0.002649077
0.002502778
0.002727772
0.002564682
0.002720511
0.002712916
0.002605558
0.002637115
0.002851249
0.0026279
0.002636902
0.002655065
0.002875622
0.002848406
0.002811516
0.002886371
0.002711333
0.002867515
0.002677493
0.002596579
0.002688605
0.002526295
0.002512128
0.002684312
0.003011335
0.002828424
0.002940265
0.002907367
0.002747877
0.002819424
0.00262749
0.002637913
0.002993828
0.002852766
0.002756974
0.002737487
0.00279472
0.002818764
0.00270709
0.002847293
0.002699963
0.002633164
0.002705224
0.002550088
0.00264743
0.002769399
0.002864815
0.002720438
0.002629527
0.002693385
0.002991116
0.002853163
0.00258587
0.002847061
0.002759848
0.002784529
0.002748637
0.002926539
0.003029468
0.002875491
0.002741046
0.002569378
0.002762947
0.002782323
0.002879496
0.002651047
0.002765903
0.002746416
0.002688609
0.002730952
0.002693215
0.002858765
0.003107131
0.002756347
0.002670267
0.002521693
0.00252535
0.002753969
0.002822331
0.002513118
0.002699338
0.002640234
0.002570801
0.002786494
0.002721
0.002536083
0.00269392
0.002492159
0.002784
0.002624576
0.0025642
0.002644079
0.002697344
0.002606123
0.002828514
0.002661049
0.002586264
0.002619121
0.002846711
0.00281636
0.002763866
0.002743032
0.00277063
0.00269977
0.002722884
0.002870612
0.002801824
0.002749929
0.002654108
0.002678
0.002539285
0.002756406
0.002710711
0.002713388
0.002660203
0.002700635
0.00263685
0.002806338
0.00267798
0.002716293
0.002559693
0.002715229
0.00276087
0.002735445
0.002928211
0.002623009
0.002577875
0.002672241
0.002646521
0.002765974
0.002553307
0.002829319
0.002619927
0.002761391
0.002670984
0.002704856
0.002795415
0.002824592
0.002566894
0.002781706
0.0027222
0.002595952
0.002717257
0.002603932
0.002442567
0.002779729
0.002761181
0.002606161
0.002902984
0.002616881
0.002594143
0.00262549
0.002816079
0.002772115
0.002572917
0.002635395
0.002700325
0.002562896
0.002683114
0.002561821
0.002726761
0.002556458
0.002568116
0.002604004
0.00263651
0.002550001
0.002582056
0.002675797
0.002775655
0.002716356
0.002712341
0.002770524
0.002674457
0.002503085
0.002585935
0.002793945
0.002850091
0.002740008
0.002696156
0.00267962
0.002748905
0.002877721
0.002736313
0.002841822
0.002647953
0.002726817
0.002780461
0.003002021
0.002573258
0.002669583
0.002679072
0.002833299
0.00268798
0.002607265
0.002751707
0.002733917
0.002628819
0.002833404
0.002713177
0.002724958
0.002654002
0.002798575
0.002874554
0.002857757
0.00269714
0.002684306
0.002808816
0.002660312
0.002870586
0.002457059
0.002573513
0.002708969
0.002592302
0.002751561
0.002588662
0.002556642
0.002748441
0.002682215
0.0027063
0.002693789
0.002978814
0.002644734
0.002882871
0.002874789
0.002921572
0.002611966
0.002715937
0.002561387
0.002573808
0.002784442
0.002627623
0.002770767
0.002713053
0.002864779
0.002851814
0.002668644
0.00265359
0.00292874
0.002534283
0.002790345
0.003061564
0.002954893
0.002744484
0.002700477
0.002876247
0.002721018
0.003016712
0.0027593
0.002960894
0.002700554
0.002684304
0.002903283
0.002795865
0.002923056
0.002718756
0.002676623
0.003001194
0.003116022
0.002821675
0.002656214
0.002652968
0.00266511
0.002626542
0.002705909
0.002649784
0.002587195
0.002705345
0.002819518
0.002894119
0.002746351
0.002850749
0.002763568
0.00294799
0.002910918
0.002799219
0.002929585
0.002606067
0.002768213
0.002828248
0.002865972
0.002785134
0.002704929
0.002733415
0.002696253
0.002688613
0.002903144
0.002799429
0.002736563
0.002740221
0.002735487
0.002899022
0.002814966
0.002779337
0.002891967
0.002791342
0.002775272
0.002777009
0.002791455
