102.2441
103.4942
104.1365
104.5575
105.1028
107.4763
108.7899
109.0231
108.6824
110.491
112.4016
113.5018
114.9213
115.4633
116.3168
116.1589
117.1556
117.4028
116.6513
116.5969
116.1496
115.1822
114.1771
113.4632
113.5599
111.9356
112.3404
112.3501
112.9427
112.353
111.8749
110.8071
111.3673
112.2165
112.9276
114.3008
114.1377
114.3908
112.7735
112.3144
112.8348
112.8467
113.0434
114.06
115.019
114.5468
113.9789
113.5201
112.6255
113.2913
112.3023
112.0902
111.7069
110.2198
111.5753
111.9267
110.4989
109.7593
109.3362
108.7042
108.0862
106.9958
106.2687
106.8293
106.1244
107.234
107.2468
107.6196
108.9076
109.2137
109.4653
109.8136
109.8771
109.9399
109.8189
111.2035
112.045
112.7953
111.9955
112.4477
112.7919
112.3031
113.0718
113.0559
113.0938
113.5671
113.4368
114.3244
114.0742
113.495
112.5539
112.4118
111.9358
113.3037
112.5801
113.4491
114.1332
113.6522
115.1961
114.1176
