0.003331889
0.003408877
0.003372666
0.003368834
0.003351682
0.003485979
0.003446225
0.003343896
0.00329306
0.003392043
0.003338964
0.003413317
0.00333714
0.003362355
0.003508201
0.003638083
0.003616949
0.00374603
0.003910115
0.00397727
0.00402346
0.00378767
0.00379367
0.003893198
0.003937463
0.004038195
0.003957362
0.003897512
0.00393425
0.004008754
0.003926258
0.003822492
0.003811357
0.003764693
0.003767947
0.003743169
0.003726126
0.003707179
0.00371314
0.003717855
0.00367845
0.003822601
0.003859173
0.004231716
0.004349648
0.004088955
0.00410723
0.00418778
0.004154086
0.004156368
0.00435012
0.004363184
0.004359557
0.004315222
0.004374372
0.004656541
0.004810349
0.004768565
0.004664957
0.004547281
0.004508135
0.004388269
0.004288186
0.004251412
0.004356219
0.00438029
0.004396054
0.004670552
0.004520074
0.004443279
0.004290952
0.004238582
0.004082755
0.004191442
0.004243018
0.004204895
0.00429612
0.004346866
0.004383391
0.00438164
0.004364121
0.004345667
0.004361621
0.004229114
0.00420406
0.004212892
0.004322044
0.004378536
0.004524768
0.004632581
0.0046761
0.004654491
0.004525599
0.004504704
0.004749371
0.004653948
0.004771829
0.004674215
0.004554194
0.004692547
0.004619
0.004539359
0.004650968
0.004764653
0.004990487
0.005070635
0.005014046
0.004910117
0.004927164
0.004813899
0.004796048
0.004852077
0.004808225
0.004844478
0.004923537
0.004780774
0.004649046
0.004564503
0.004524558
0.004553663
0.004574684
0.004521892
0.004715643
0.004738779
0.005020558
0.004963396
0.005007977
0.004926141
0.004955813
0.005072354
0.004962371
0.004988334
0.005063555
0.004880987
0.004994999
0.004986885
0.00504999
0.005167037
0.005209643
0.005026516
0.005050634
0.005111568
0.005260673
0.005068713
0.005246283
0.005522442
0.00563514
0.00548044
0.00547016
0.00577493
0.005889785
0.005830024
0.005839309
0.00584568
0.005726394
0.005661326
0.006005121
0.006239799
0.006260068
0.006399408
0.006429152
0.00648404
0.006714264
0.006687151
0.006689957
0.006805099
0.007012062
0.007295169
0.007889946
0.007681708
0.007848613
0.007671621
0.007671631
0.007624265
0.007651262
0.007597222
0.007502546
0.007542732
0.007435993
0.007665907
0.007774809
0.00780761
0.007596006
0.007355436
0.007587902
0.007722206
0.008105445
0.007989411
0.007718749
0.007352786
0.007116896
0.007075436
0.007474052
0.007447984
0.00752286
0.007420834
0.00739467
0.007391683
0.007035702
0.006959306
