88.59296
87.52787
90.74837
93.37417
95.32684
95.72802
92.90004
88.76602
87.78863
86.11029
81.25075
83.996
82.71485
76.29768
70.65931
67.4208
66.22984
63.12711
60.42838
64.82214
65.97164
67.40294
68.87736
66.92598
68.36232
68.09378
66.23599
65.27774
64.48242
64.15347
61.91906
63.26373
64.77023
62.76439
64.67965
61.56504
60.53225
59.35673
61.90938
65.04716
64.3315
62.75337
62.28014
67.61354
71.22946
69.76696
70.08177
70.02732
71.05083
71.24573
70.69019
70.02079
71.57928
73.67962
69.90683
69.43073
70.51093
68.12165
70.10901
69.03987
69.42421
70.70969
69.36497
67.60494
68.46934
66.24953
68.53691
69.58905
69.69167
69.20105
70.11868
68.82636
66.92473
67.50298
66.99803
69.83497
71.03488
72.6606
70.21407
71.17723
70.89553
74.65365
73.80446
72.63881
74.67394
77.3693
79.69955
80.66198
78.7595
78.61041
83.04284
82.22129
82.75727
82.64771
84.31031
84.35212
82.49787
81.49749
82.77393
80.91354
