582.108
557.2991
551.5865
528.6911
525.2842
511.3803
474.2415
468.4228
456.901
440.4492
442.1587
430.2746
423.2148
417.8361
389.3183
379.6199
359.7896
350.4777
353.6279
357.784
329.7258
326.7732
311.3417
300.4994
292.7097
280.2672
272.8861
256.5086
243.1201
233.794
229.2035
220.6753
197.42
190.2139
184.9241
176.9466
174.1762
171.5063
160.7171
153.5562
153.753
149.6995
155.7179
147.6092
149.6848
146.5877
141.4674
136.1328
133.6122
128.9626
129.8753
123.5504
118.3124
111.5702
109.773
108.3391
106.5644
102.3522
96.55355
98.49586
98.78589
94.7387
97.40433
101.0583
96.96195
95.11304
92.40121
89.30817
87.59783
88.71594
84.15883
85.71222
86.05603
88.31619
83.72788
82.77251
84.032
81.72394
80.74732
80.68072
78.53488
75.55736
76.45752
75.96913
74.06503
70.82152
69.77342
69.83753
70.91796
69.62623
68.41071
65.51711
62.56869
62.38933
60.95179
61.94239
62.3199
62.60893
63.62908
60.84127
